image: empty_world2.pgm
resolution: 0.050000
origin: [-13.900000, -13.900000, 0]
negate: 0
occupied_thresh: 0.65
free_thresh: 0.196
