image: empty_world.pgm
resolution: 0.050000
origin: [-5.200000, -5.200000, 0]
negate: 0
occupied_thresh: 0.65
free_thresh: 0.196
