image: real_arena.pgm
resolution: 0.050000
origin: [-11.520281, -2.232711, 0]
negate: 0
occupied_thresh: 0.65
free_thresh: 0.196

